3 25
3 26
3 27
3 29
3 30
3 31
4 1
4 2
4 3
4 5
4 6
4 7
4 8
4 9
4 10
4 12
4 13
4 14
4 15
4 16
4 17
4 19
4 20
4 21
4 22
4 23
4 24
4 26
4 27
4 28
4 29
4 30
5 1
5 3
5 4
5 5
5 6
5 7
5 8
5 10
5 11
5 12
5 13
5 14
5 15
5 17
5 18
5 19
5 20
5 21
5 22
5 24
5 25
5 26
5 27
5 28
5 29
5 31
6 1
6 2
6 3
6 4
6 5
6 7
6 8
6 9
6 10
6 11
6 12
6 17
6 18
6 19
6 21
6 22
6 23
6 24
6 25
6 26
6 27
6 28
6 29
6 30
7 1
7 2
7 3
7 5
7 6
7 7
7 8
7 9
7 10
7 12
7 13
7 14
7 15
7 16
7 17
7 18
7 19
7 20
7 21
7 22
7 23
7 24
7 29
7 30
7 31
8 2
8 3
8 4
8 5
8 6
8 7
8 9
8 10
8 11
8 12
8 13
8 14
8 16
8 17
8 18
8 19
8 20
8 21
8 23
8 24
8 25
8 26
8 27
8 28
8 29
8 30
8 31
9 1
9 2
9 3
9 3
9 4
